adbhhbagilhmdimjgdbwyuyzwxvzvxwyuyzwxvzvvwyuyzwxvzvxvywwxyzvzwvwyuzzzzzzzzzzzzzzzzzzzzzzzzzzzzzzzzzzzzzzzzzzzsvursrsrrsrurursvurssvursrsrrsrurursvusssvursrsrrsrurursvurulpufiqmgxngguyyyvyyyyyyyuyyzyyyyyzyyyzyyyzyyyzyyyzyyyzyyyzyvyyvutuuuutuututuutuututcfjafeclivxxxxxxxxxxxxxxxxxxxxnnnnnnnwwwwwwwwwwwwwwwwwwwwwwwwwwwwwwwwwwwwwwwwwwwwwwwwwwwwwwwwwwwwwwaaafnehjgfdcibebbfaagsklkgskkgsklgiggigsklgiggiss
400
31 41 30 41 4
238 248 236 250 11
25 56 34 65 31
338 343 313 341 5
69 107 67 108 39
372 397 374 398 25
46 65 53 66 14
112 166 110 164 55
76 389 12 328 305
137 160 119 154 13
25 35 37 45 7
87 108 88 107 16
344 349 290 321 4
2 344 102 200 62
186 231 185 230 46
12 398 7 395 387
132 159 134 164 24
172 396 176 356 138
2 400 2 400 399
83 391 90 387 294
115 163 115 166 44
258 261 255 258 4
114 164 119 165 47
369 371 362 369 3
67 109 67 109 43
326 331 317 323 6
130 149 114 149 17
296 345 325 349 9
177 388 164 371 163
167 393 125 369 134
290 295 290 295 3
246 339 218 299 32
65 399 46 356 295
352 366 365 368 2
94 139 112 241 29
20 388 45 398 353
358 368 361 367 4
34 60 31 65 25
111 159 118 166 49
121 163 129 166 37
69 87 90 109 19
89 104 83 94 1
113 380 97 376 248
16 218 8 283 151
102 388 63 355 281
134 291 59 290 11
268 274 263 279 1
326 331 326 331 1
171 181 168 180 11
144 157 140 163 4
356 371 361 370 10
374 397 375 398 24
352 370 352 370 3
7 379 38 392 353
186 196 209 229 9
3 19 13 19 7
31 41 29 39 7
344 349 335 342 5
25 54 29 62 29
171 181 169 179 11
170 179 173 179 5
119 394 122 308 183
302 307 296 307 4
13 399 13 394 363
78 80 71 86 1
115 395 15 348 271
308 313 295 307 4
282 349 129 304 35
31 41 30 41 5
290 295 290 295 1
110 167 110 167 58
186 232 184 230 47
209 228 187 232 16
53 63 51 61 11
338 343 318 334 3
373 378 380 398 4
76 266 152 384 115
190 359 117 376 168
40 389 25 386 347
130 149 117 139 20
172 277 26 130 71
141 341 33 241 191
308 313 290 312 4
49 328 70 348 237
326 331 321 328 1
234 251 236 252 17
218 334 88 274 7
132 167 114 149 32
124 167 116 166 44
4 381 43 374 323
266 281 267 281 15
169 181 169 178 8
352 371 352 370 19
187 228 186 230 42
71 93 80 93 7
53 63 41 53 10
308 313 295 309 1
373 398 372 397 26
189 222 184 232 28
245 381 204 329 88
78 106 72 103 26
344 349 337 347 4
193 396 172 237 65
332 337 311 316 4
9 16 13 19 7
113 167 112 167 51
169 181 171 181 6
344 349 341 347 3
20 30 20 30 8
122 167 113 158 46
308 313 305 312 5
93 105 67 89 12
189 230 193 230 38
7 392 7 399 386
109 365 195 374 138
290 295 290 295 2
364 371 362 368 7
20 44 38 57 19
1 400 1 400 400
11 349 93 400 305
200 399 43 295 200
76 271 17 357 177
338 343 302 313 1
296 301 291 299 3
118 151 124 157 34
30 53 26 53 8
131 157 125 164 19
89 270 106 379 64
269 281 266 279 9
296 301 296 301 2
71 109 70 108 37
135 232 332 397 58
144 166 122 139 12
265 279 264 280 13
71 108 82 108 22
377 398 373 390 15
45 357 57 395 295
62 394 28 374 319
9 400 9 400 392
20 30 20 30 8
13 19 9 15 7
85 368 82 366 282
351 393 63 245 39
353 371 352 370 19
262 273 271 281 8
296 301 295 301 4
311 348 308 345 38
130 149 111 140 8
352 370 353 371 19
202 223 199 218 3
34 369 49 359 311
377 397 377 398 21
202 232 196 227 29
283 289 284 289 6
14 229 86 298 153
85 218 26 215 62
125 162 111 145 32
115 165 120 164 37
352 370 352 370 13
119 158 125 167 40
161 164 119 155 3
320 325 302 316 2
45 294 194 391 181
27 57 33 66 27
42 52 20 48 1
71 373 139 400 262
293 351 291 351 50
353 368 355 368 9
8 363 102 364 249
69 109 71 109 39
199 230 186 222 29
194 360 130 383 166
6 205 339 395 5
247 373 348 362 8
270 274 264 268 4
253 260 254 261 8
183 328 8 92 78
172 176 175 178 4
352 371 353 371 19
117 161 130 160 15
296 301 291 300 4
78 107 72 101 30
205 368 65 296 148
290 295 290 295 2
247 251 244 245 1
30 400 55 376 314
115 157 130 166 37
80 94 87 94 8
66 389 83 302 153
111 164 121 164 38
190 214 192 225 8
67 109 67 109 42
242 248 240 247 5
308 313 300 305 6
68 349 49 354 259
25 61 21 54 34
31 63 34 66 33
332 337 331 337 6
111 163 141 167 27
12 19 1 17 8
355 361 358 370 7
1 8 2 17 7
358 370 358 370 13
142 284 294 384 66
2 399 17 399 381
356 371 361 371 11
308 313 295 304 1
183 227 187 231 45
126 167 124 165 42
126 154 139 167 29
26 50 33 54 17
290 295 290 295 5
308 313 298 303 2
21 396 27 392 351
31 41 28 41 11
113 143 142 166 24
373 398 372 398 26
31 41 25 37 6
358 369 357 368 10
233 251 235 252 18
290 295 290 295 4
3 349 68 397 328
199 227 192 231 25
332 337 302 308 1
135 160 123 159 26
97 387 90 380 263
165 305 42 283 52
242 252 239 248 6
58 325 182 350 139
326 331 321 327 4
105 368 125 279 138
42 52 33 47 1
66 379 160 350 139
308 313 303 309 4
38 352 107 400 273
113 166 112 166 54
59 64 57 60 4
326 331 305 328 4
20 65 20 66 46
111 166 110 166 55
12 17 4 16 4
71 99 101 104 1
5 13 1 13 2
127 167 126 167 38
77 361 133 262 5
60 377 95 295 162
68 109 68 109 42
32 64 33 59 26
237 250 237 248 11
210 232 205 228 23
149 365 39 293 202
53 63 44 61 4
295 336 297 342 23
184 186 188 194 2
399 400 399 399 1
58 397 43 393 339
376 393 383 398 16
41 66 35 63 26
344 349 334 340 1
224 345 144 204 46
53 65 34 54 4
41 64 21 46 23
314 319 312 318 2
295 335 313 344 28
1 400 1 400 400
28 55 36 62 27
307 394 207 396 72
286 288 286 287 1
111 167 115 166 52
357 363 357 364 5
142 160 128 155 17
135 167 115 160 18
255 260 255 259 3
52 374 116 395 280
391 397 377 386 2
39 324 40 384 279
338 343 337 343 4
104 391 88 396 272
352 370 355 371 17
31 41 31 41 10
105 375 320 334 8
375 394 390 395 1
118 155 136 164 27
74 341 94 394 172
326 331 290 306 4
113 153 127 166 38
194 215 217 231 15
128 159 131 167 25
359 370 352 366 6
110 166 112 167 56
290 295 290 295 5
320 325 315 321 2
135 156 135 153 19
320 325 316 321 1
25 60 39 66 18
233 250 233 244 5
21 398 26 388 362
121 167 116 164 44
344 349 297 349 2
332 337 321 331 4
274 280 272 280 7
124 167 116 153 32
356 368 366 369 4
344 349 297 302 5
21 66 21 66 45
130 149 118 144 1
111 167 111 167 56
203 223 185 222 20
291 340 291 337 47
110 155 116 160 42
155 164 123 147 10
308 313 301 306 1
42 52 32 47 3
296 301 295 300 3
387 392 387 394 4
262 282 262 281 20
137 162 160 164 1
46 275 148 368 142
57 398 48 387 340
87 366 62 353 256
72 371 89 391 289
189 232 184 224 34
32 387 27 383 356
16 360 161 400 240
276 277 262 267 1
300 399 300 399 90
1 19 1 18 18
291 355 13 68 51
73 350 53 365 274
308 313 302 311 1
238 249 233 248 7
147 375 183 275 50
244 250 244 251 6
283 284 286 289 2
111 334 123 380 223
112 162 112 165 50
384 398 373 386 14
309 384 116 343 72
42 52 29 47 2
142 157 118 147 13
184 232 184 228 43
65 305 68 342 227
344 349 328 347 1
110 129 110 129 12
67 109 68 109 42
267 282 266 282 16
109 365 100 328 137
344 349 325 341 2
127 392 99 387 258
182 232 182 232 51
213 334 192 313 105
29 66 25 65 38
131 167 136 164 24
42 52 28 43 4
83 92 79 106 6
320 325 290 302 4
314 319 306 312 5
320 325 320 325 5
166 398 205 287 76
254 261 253 261 8
290 295 290 295 5
104 400 58 396 285
28 66 39 64 24
120 164 115 156 35
57 293 78 342 225
332 337 308 314 4
173 181 171 181 9
251 304 8 111 53
240 294 174 245 9
182 232 190 227 35
45 393 46 385 325
213 224 213 222 9
20 66 20 65 46
333 350 323 340 15
3 395 6 399 393
42 52 35 52 2
29 62 20 66 33
35 66 20 51 32
2 374 14 387 371
42 52 40 51 4
33 54 25 45 21
89 105 70 103 8
94 387 143 360 217
110 129 110 129 11
79 338 81 352 234
23 66 21 66 44
69 109 75 109 35
183 229 211 232 20
130 149 130 149 12
116 156 128 167 37
80 397 44 367 310
3 4 10 19 1
182 228 182 231 47
209 232 214 217 1
53 63 53 63 4
133 166 110 149 34
23 400 17 395 378
34 57 31 52 22
380 398 380 398 16
317 400 305 396 81
